Scanning 127 channels through 16 RSSI levels

        <lower ------------------- rssi levels ------------------- higher>
channel    0   1   2   3   4   5   6   7   8   9  10  11  12  13  14  15
0        255 255 255 255 255 255 255 255 255 255 253 165   4   1   0   0
1        255 255 255 255 255 255 255 252 136   3   2   0   0   1   1   1
2        255 255 255 255 255 255 255 255 255 255 254  43   0   1   0   0
3        255 255 255 255 255 255 255 255 254   2   1   0   3   0   0   1
4        255 255 255 255 255 255 255 229   5   1   0   0   0   0   0   0
5        255 255 255 255 255 255 255 122   4   1   0   0   1   0   0   1
6        255 255 255 255 255 255 254  86   2   0   0   1   2   1   1   1
7        255 255 255 255 255 255 255  63   7   8   2   0   2   1   1   1
8        255 255 255 255 255 255 254 104   9   5   3   2   2   3   2   1
9        255 255 255 255 255 255 255 124  13   7   1   1   3   2   0   0
10       255 255 255 255 255 255 252 170  13  11   3   1   1   1   0   0
11       255 255 255 255 255 255 253 193  16  12   4   1   0   0   0   0
12       255 255 255 255 255 255 255 250  13   7   1   0   0   1   0   0
13       255 255 255 255 255 255 255 209 130  14   0   0   0   0   0   0
14       255 255 255 255 255 255 255 255 107  12   4   0   1   0   1   1
15       255 255 255 255 255 255 255 255 255 254   6   0   2   1   1   1
16       255 255 255 255 255 255 255 255 255 255 255 254 255 253   2   1
17       255 255 255 255 255 255 255 255 255 255 255 255   1   0   0   0
18       255 255 255 255 255 255 255 255 254   3   5   2   4   2   1   1
19       255 255 255 255 255 255 255 250  15   1   0   0   0   1   0   0
20       255 255 255 255 255 255 255 242   9   0   2   0   0   0   0   0
21       255 255 255 255 255 255 253 201  94   0   0   0   0   0   0   0
22       255 255 255 255 255 255 255 235  14   3   0   2   1   0   0   0
23       255 255 255 255 255 255 255 235   8   7   2   0   0   0   0   0
24       255 255 255 255 255 255 255 222   6   7   3   0   2   2   2   0
25       255 255 255 255 255 255 255 198 120   7   7   4   2   2   0   1
26       255 255 255 255 255 255 255 218  12   8   7   4   0   0   1   0
27       255 255 255 255 255 255 255 203   9   6   3   1   0   0   0   1
28       255 255 255 255 255 255 255 156   4   5   5   1   1   1   0   0
29       255 255 255 255 255 255 255 140   6   6   4   0   0   0   0   0
30       255 255 255 255 255 255 255 255 255 255 255 134   1   1   2   1
31       255 255 255 255 255 255 255 254 135   7   0   0   0   0   0   0
32       255 255 255 255 255 255 255 255  78   3   1   0   1   0   1   0
33       255 255 255 255 255 255 254  55   3   0   0   0   0   1   0   0
34       255 255 255 255 255 255 255  73   4   2   1   0   2   1   0   0
35       255 255 255 255 255 255 254  31   4   0   3   0   0   0   0   0
36       255 255 255 255 255 255 255  30   5   3   4   1   2   0   0   0
37       255 255 255 255 255 255 252  61   4   3   4   3   3   1   0   0
38       255 255 255 255 255 255 255 176   8   5   4   3   3   2   0   0
39       255 255 255 255 255 255 255 209  10   4   4   3   2   3   3   0
40       255 255 255 255 255 255 255 133  10   4   2   4   4   7   4   3
41       255 255 255 255 255 255 255 105  12   8   5   4   4   3   3   3
42       255 255 255 255 255 255 254  40   9   4   4   4   2   3   4   3
43       255 255 255 255 255 255 254 141   5   3   2   4   3   2   3   3
44       255 255 255 255 255 255 255 255 255 255 255 255 255 255   3   3
45       255 255 255 255 255 255 255 255 255 255 255 255 254   4   2   2
46       255 255 255 255 255 255 255 255 254   7   4   3   3   4   2   1
47       255 255 255 255 255 255 255 255 253   6   7   3   3   3   3   3
48       255 255 255 255 255 255 255 255 255 254 114   4   3   4   3   3
49       255 255 255 255 255 255 255 204  14   3   2   4   3   5   3   3
50       255 255 255 255 255 255 255 246 190   8   6   4   2   3   3   2
51       255 255 255 255 255 255 255 241 195 184  15   3   4   2   3   2
52       255 255 255 255 255 255 255 222 207 203 209 202 160   5   3   2
53       255 255 255 255 255 255 255 213 201 195 204 200 200 190 144   3
54       255 255 255 255 255 255 255 217 204 202 196 195 202 194 190   2
55       255 255 255 255 255 255 255 242 223 223 222 223 223 208 224  70
56       255 255 255 255 255 255 254 214 209 200 201 198 200 196 190 128
57       255 255 255 255 255 255 255 235 215 208 206 207 202 203 203 150
58       255 255 255 255 255 255 255 255 255 255 254 196 190 193 187  22
59       255 255 255 255 255 255 255 255 255 255 255 192 194 190 180   5
60       255 255 255 255 255 255 255 254 214 199 197 200 198 198 193   5
61       255 255 255 255 255 255 255 231 185 178 184 174 180 177 175   6
62       255 255 255 255 255 255 255 249 211 199 201 196 209 206 150   5
63       255 255 255 255 255 255 254 246 194 187 185 187 187 188 186  75
64       255 255 255 255 255 255 255 241 202 199 187 191 197 192 185 182
65       255 255 255 255 255 255 255 250 211 202 203 200 199 194 201 148
66       255 255 255 255 255 255 255 254 235 203 203 188 192 192 194 100
67       255 255 255 255 255 255 255 255 254 248 210 192 192 187 183   7
68       255 255 255 255 255 255 255 253 249 227 202 205 202 200 182   6
69       255 255 255 255 255 255 255 253 239 208 213 207 209 212 192   0
70       255 255 255 255 255 255 255 243 193 185 187 184 186 184 137   0
71       255 255 255 255 255 255 255 230 201 193 196 190 186  18   0   0
72       255 255 255 255 255 255 255 255 255 255 255 254 225   3   1   0
73       255 255 255 255 255 255 255 255 255 255 255 255 254 240   1   0
74       255 255 255 255 255 255 255 255 255 254   7   2   0   1   1   0
75       255 255 255 255 255 255 255 255  32   4   2   1   0   0   0   0
76       255 255 255 255 255 255 255 220  12   6   7   2   3   2   0   0
77       255 255 255 255 255 255 255 183   4   3   2   3   0   1   0   0
78       255 255 255 255 255 255 255 129   3   1   0   3   0   3   1   0
79       255 255 255 255 255 255 255 250  23   2   0   0   3   2   1   0
80       255 255 255 255 255 255 255 255 240  12   1   1   1   2   1   0
81       255 255 255 255 255 255 254 168   2   4   2   1   0   2   2   0
82       255 255 255 255 255 255 255  95   0   2   0   1   2   0   0   0
83       255 255 255 255 255 255 255 148   1   0   0   1   0   0   0   0
84       255 255 255 255 255 255 255 179   1   0   0   0   0   0   0   0
85       255 255 255 255 255 255 255 158   2   0   0   0   0   0   0   0
86       255 255 255 255 255 255 255 255 255 161   0   0   0   0   0   0
87       255 255 255 255 255 255 255 255 255 255 255 255 251   0   0   0
88       255 255 255 255 255 255 255 255 255   0   0   0   0   0   0   0
89       255 255 255 255 255 255 255 223   4   0   0   0   0   0   0   0
90       255 255 255 255 255 255 254 176   6   0   0   0   0   0   0   0
91       255 255 255 255 255 255 255 143   1   0   0   0   0   0   0   0
92       255 255 255 255 255 255 254 111   1   0   0   0   0   0   0   0
93       255 255 255 255 255 255 254 124   1   0   0   0   0   0   0   0
94       255 255 255 255 255 255 255 246   5   0   0   0   0   0   0   0
95       255 255 255 255 255 255 255 254 108   0   0   0   0   0   0   0
96       255 255 255 255 255 255 255 251  39   0   0   0   0   0   0   0
97       255 255 255 255 255 255 255 253  84   0   0   0   0   0   0   0
98       255 255 255 255 255 255 255 255 174   1   0   0   0   0   0   0
99       255 255 255 255 255 255 255 255 149   0   0   0   0   0   0   0
100      255 255 255 255 255 255 255 255 255 251   0   0   0   0   0   0
101      255 255 255 255 255 255 255 255 255 255 255 255 255 255 134   0
102      255 255 255 255 255 255 255 255 255 255 255   0   0   0   0   0
103      255 255 255 255 255 255 255 255 241   0   0   0   0   0   0   0
104      255 255 255 255 255 255 255 253  54   0   0   0   0   0   0   0
105      255 255 255 255 255 255 255 248  29   0   0   0   0   0   0   0
106      255 255 255 255 255 255 255 221   0   0   0   0   0   0   0   0
107      255 255 255 255 255 255 255  72   0   0   0   0   0   0   0   0
108      255 255 255 255 255 255 255 144   0   0   0   0   0   0   0   0
109      255 255 255 255 255 255 254  99   0   0   0   0   0   0   0   0
110      255 255 255 255 255 255 255 239   1   0   0   0   0   0   0   0
111      255 255 255 255 255 255 255 255 255 198   0   0   0   0   0   0
112      255 255 255 255 255 255 255 255 255 255 255 169   0   0   0   0
113      255 255 255 255 255 255 255 228   0   0   0   0   0   0   0   0
114      255 255 255 255 255 255 255 225   1   0   0   0   0   0   0   0
115      255 255 255 255 255 255 255 255 255 255 255 255 255 134   0   0
116      255 255 255 255 255 255 255 255 255 255   0   0   0   0   0   0
117      255 255 255 255 255 255 255 252   0   0   0   0   0   0   0   0
118      255 255 255 255 255 255 255 160   0   0   0   0   0   0   0   0
119      255 255 255 255 255 255 255 209   0   0   0   0   0   0   0   0
120      255 255 255 255 255 255 255 215   0   0   0   0   0   0   0   0
121      255 255 255 255 255 255 255 158   1   0   0   0   0   0   0   0
122      255 255 255 255 255 255 255 161   0   0   0   0   0   0   0   0
123      255 255 255 255 255 255 255 159   0   0   0   0   0   0   0   0
124      255 255 255 255 255 255 255 241   3   0   0   0   0   0   0   0
125      255 255 255 255 255 255 255 195   3   0   0   0   0   0   0   0
126      255 255 255 255 255 255 255 194   9   0   0   0   0   0   0   0
127      255 255 255 255 255 255 255 128   0   0   0   0   0   0   0   0